{
 "cells": [
  {
   "cell_type": "markdown",
   "id": "ae636fbbc79a8b12",
   "metadata": {},
   "source": [
    "# Introduzione al Machine Learning 2023-2024\n",
    "## Bernardini Jacopo, Ciocca Giorgio, Marini Tommaso\n",
    "## Exam Project, First Part: Data Exploration, Clustering  and Classification"
   ]
  },
  {
   "cell_type": "markdown",
   "id": "ce310d7c",
   "metadata": {},
   "source": [
    "### 1) Data Exploration"
   ]
  },
  {
   "cell_type": "markdown",
   "id": "43c847192814d75a",
   "metadata": {},
   "source": [
    "Libraries import"
   ]
  },
  {
   "cell_type": "code",
   "execution_count": 156,
   "id": "6707c599167ce45a",
   "metadata": {
    "ExecuteTime": {
     "end_time": "2024-05-14T15:05:07.305086Z",
     "start_time": "2024-05-14T15:05:07.302444Z"
    }
   },
   "outputs": [],
   "source": [
    "import numpy as np\n",
    "import pandas as pd\n",
    "import pylab as plt"
   ]
  },
  {
   "cell_type": "markdown",
   "id": "8dccef71ffb70e2b",
   "metadata": {},
   "source": [
    "File reading and substitution of 'notknown' values with NaNs "
   ]
  },
  {
   "cell_type": "code",
   "execution_count": 157,
   "id": "ee60770bbf92f958",
   "metadata": {
    "ExecuteTime": {
     "end_time": "2024-05-14T15:05:08.386558Z",
     "start_time": "2024-05-14T15:05:07.455140Z"
    }
   },
   "outputs": [
    {
     "data": {
      "text/html": [
       "<div>\n",
       "<style scoped>\n",
       "    .dataframe tbody tr th:only-of-type {\n",
       "        vertical-align: middle;\n",
       "    }\n",
       "\n",
       "    .dataframe tbody tr th {\n",
       "        vertical-align: top;\n",
       "    }\n",
       "\n",
       "    .dataframe thead th {\n",
       "        text-align: right;\n",
       "    }\n",
       "</style>\n",
       "<table border=\"1\" class=\"dataframe\">\n",
       "  <thead>\n",
       "    <tr style=\"text-align: right;\">\n",
       "      <th></th>\n",
       "      <th>AGEP</th>\n",
       "      <th>SCHL</th>\n",
       "      <th>MAR</th>\n",
       "      <th>RELP</th>\n",
       "      <th>DIS</th>\n",
       "      <th>ESP</th>\n",
       "      <th>CIT</th>\n",
       "      <th>MIG</th>\n",
       "      <th>MIL</th>\n",
       "      <th>ANC</th>\n",
       "      <th>NATIVITY</th>\n",
       "      <th>DEAR</th>\n",
       "      <th>DEYE</th>\n",
       "      <th>DREM</th>\n",
       "      <th>SEX</th>\n",
       "      <th>ESR</th>\n",
       "    </tr>\n",
       "  </thead>\n",
       "  <tbody>\n",
       "    <tr>\n",
       "      <td>0</td>\n",
       "      <td>21.0</td>\n",
       "      <td>16.0</td>\n",
       "      <td>5.0</td>\n",
       "      <td>17.0</td>\n",
       "      <td>2.0</td>\n",
       "      <td>0.0</td>\n",
       "      <td>1.0</td>\n",
       "      <td>1.0</td>\n",
       "      <td>4.0</td>\n",
       "      <td>1.0</td>\n",
       "      <td>1.0</td>\n",
       "      <td>2.0</td>\n",
       "      <td>2.0</td>\n",
       "      <td>2.0</td>\n",
       "      <td>2.0</td>\n",
       "      <td>True</td>\n",
       "    </tr>\n",
       "    <tr>\n",
       "      <td>1</td>\n",
       "      <td>19.0</td>\n",
       "      <td>16.0</td>\n",
       "      <td>5.0</td>\n",
       "      <td>17.0</td>\n",
       "      <td>2.0</td>\n",
       "      <td>0.0</td>\n",
       "      <td>1.0</td>\n",
       "      <td>1.0</td>\n",
       "      <td>4.0</td>\n",
       "      <td>1.0</td>\n",
       "      <td>1.0</td>\n",
       "      <td>2.0</td>\n",
       "      <td>2.0</td>\n",
       "      <td>2.0</td>\n",
       "      <td>2.0</td>\n",
       "      <td>False</td>\n",
       "    </tr>\n",
       "    <tr>\n",
       "      <td>2</td>\n",
       "      <td>24.0</td>\n",
       "      <td>12.0</td>\n",
       "      <td>5.0</td>\n",
       "      <td>16.0</td>\n",
       "      <td>1.0</td>\n",
       "      <td>0.0</td>\n",
       "      <td>1.0</td>\n",
       "      <td>1.0</td>\n",
       "      <td>4.0</td>\n",
       "      <td>1.0</td>\n",
       "      <td>1.0</td>\n",
       "      <td>2.0</td>\n",
       "      <td>2.0</td>\n",
       "      <td>1.0</td>\n",
       "      <td>1.0</td>\n",
       "      <td>False</td>\n",
       "    </tr>\n",
       "    <tr>\n",
       "      <td>3</td>\n",
       "      <td>20.0</td>\n",
       "      <td>16.0</td>\n",
       "      <td>5.0</td>\n",
       "      <td>17.0</td>\n",
       "      <td>2.0</td>\n",
       "      <td>0.0</td>\n",
       "      <td>1.0</td>\n",
       "      <td>1.0</td>\n",
       "      <td>3.0</td>\n",
       "      <td>1.0</td>\n",
       "      <td>1.0</td>\n",
       "      <td>2.0</td>\n",
       "      <td>NaN</td>\n",
       "      <td>2.0</td>\n",
       "      <td>2.0</td>\n",
       "      <td>True</td>\n",
       "    </tr>\n",
       "    <tr>\n",
       "      <td>4</td>\n",
       "      <td>31.0</td>\n",
       "      <td>17.0</td>\n",
       "      <td>5.0</td>\n",
       "      <td>17.0</td>\n",
       "      <td>2.0</td>\n",
       "      <td>0.0</td>\n",
       "      <td>1.0</td>\n",
       "      <td>3.0</td>\n",
       "      <td>4.0</td>\n",
       "      <td>4.0</td>\n",
       "      <td>1.0</td>\n",
       "      <td>2.0</td>\n",
       "      <td>2.0</td>\n",
       "      <td>2.0</td>\n",
       "      <td>1.0</td>\n",
       "      <td>True</td>\n",
       "    </tr>\n",
       "  </tbody>\n",
       "</table>\n",
       "</div>"
      ],
      "text/plain": [
       "   AGEP  SCHL  MAR  RELP  DIS  ESP  CIT  MIG  MIL  ANC  NATIVITY  DEAR  DEYE  \\\n",
       "0  21.0  16.0  5.0  17.0  2.0  0.0  1.0  1.0  4.0  1.0       1.0   2.0   2.0   \n",
       "1  19.0  16.0  5.0  17.0  2.0  0.0  1.0  1.0  4.0  1.0       1.0   2.0   2.0   \n",
       "2  24.0  12.0  5.0  16.0  1.0  0.0  1.0  1.0  4.0  1.0       1.0   2.0   2.0   \n",
       "3  20.0  16.0  5.0  17.0  2.0  0.0  1.0  1.0  3.0  1.0       1.0   2.0   NaN   \n",
       "4  31.0  17.0  5.0  17.0  2.0  0.0  1.0  3.0  4.0  4.0       1.0   2.0   2.0   \n",
       "\n",
       "   DREM  SEX    ESR  \n",
       "0   2.0  2.0   True  \n",
       "1   2.0  2.0  False  \n",
       "2   1.0  1.0  False  \n",
       "3   2.0  2.0   True  \n",
       "4   2.0  1.0   True  "
      ]
     },
     "execution_count": 157,
     "metadata": {},
     "output_type": "execute_result"
    }
   ],
   "source": [
    "filename = r'C:\\Users\\Utente\\OneDrive\\Desktop\\MachineLearning\\pums.csv'\n",
    "data = pd.read_csv(filename, na_values='notknown')\n",
    "data.head()"
   ]
  },
  {
   "cell_type": "code",
   "execution_count": 158,
   "id": "7128baabfc4c6fce",
   "metadata": {
    "ExecuteTime": {
     "end_time": "2024-05-14T15:05:08.523457Z",
     "start_time": "2024-05-14T15:05:08.387568Z"
    }
   },
   "outputs": [
    {
     "data": {
      "text/html": [
       "<div>\n",
       "<style scoped>\n",
       "    .dataframe tbody tr th:only-of-type {\n",
       "        vertical-align: middle;\n",
       "    }\n",
       "\n",
       "    .dataframe tbody tr th {\n",
       "        vertical-align: top;\n",
       "    }\n",
       "\n",
       "    .dataframe thead th {\n",
       "        text-align: right;\n",
       "    }\n",
       "</style>\n",
       "<table border=\"1\" class=\"dataframe\">\n",
       "  <thead>\n",
       "    <tr style=\"text-align: right;\">\n",
       "      <th></th>\n",
       "      <th>AGEP</th>\n",
       "      <th>SCHL</th>\n",
       "      <th>MAR</th>\n",
       "      <th>RELP</th>\n",
       "      <th>DIS</th>\n",
       "      <th>ESP</th>\n",
       "      <th>CIT</th>\n",
       "      <th>MIG</th>\n",
       "      <th>MIL</th>\n",
       "      <th>ANC</th>\n",
       "      <th>NATIVITY</th>\n",
       "      <th>DEAR</th>\n",
       "      <th>DEYE</th>\n",
       "      <th>DREM</th>\n",
       "      <th>SEX</th>\n",
       "      <th>ESR</th>\n",
       "    </tr>\n",
       "  </thead>\n",
       "  <tbody>\n",
       "    <tr>\n",
       "      <td>89</td>\n",
       "      <td>48.0</td>\n",
       "      <td>19.0</td>\n",
       "      <td>3.0</td>\n",
       "      <td>16.0</td>\n",
       "      <td>2.0</td>\n",
       "      <td>0.0</td>\n",
       "      <td>1.0</td>\n",
       "      <td>3.0</td>\n",
       "      <td>4.0</td>\n",
       "      <td>1.0</td>\n",
       "      <td>NaN</td>\n",
       "      <td>2.0</td>\n",
       "      <td>NaN</td>\n",
       "      <td>2.0</td>\n",
       "      <td>2.0</td>\n",
       "      <td>False</td>\n",
       "    </tr>\n",
       "    <tr>\n",
       "      <td>128</td>\n",
       "      <td>64.0</td>\n",
       "      <td>12.0</td>\n",
       "      <td>2.0</td>\n",
       "      <td>NaN</td>\n",
       "      <td>1.0</td>\n",
       "      <td>0.0</td>\n",
       "      <td>1.0</td>\n",
       "      <td>1.0</td>\n",
       "      <td>4.0</td>\n",
       "      <td>1.0</td>\n",
       "      <td>1.0</td>\n",
       "      <td>1.0</td>\n",
       "      <td>NaN</td>\n",
       "      <td>2.0</td>\n",
       "      <td>1.0</td>\n",
       "      <td>False</td>\n",
       "    </tr>\n",
       "    <tr>\n",
       "      <td>135</td>\n",
       "      <td>45.0</td>\n",
       "      <td>12.0</td>\n",
       "      <td>5.0</td>\n",
       "      <td>NaN</td>\n",
       "      <td>2.0</td>\n",
       "      <td>0.0</td>\n",
       "      <td>1.0</td>\n",
       "      <td>1.0</td>\n",
       "      <td>4.0</td>\n",
       "      <td>4.0</td>\n",
       "      <td>NaN</td>\n",
       "      <td>2.0</td>\n",
       "      <td>2.0</td>\n",
       "      <td>2.0</td>\n",
       "      <td>1.0</td>\n",
       "      <td>False</td>\n",
       "    </tr>\n",
       "    <tr>\n",
       "      <td>212</td>\n",
       "      <td>25.0</td>\n",
       "      <td>19.0</td>\n",
       "      <td>5.0</td>\n",
       "      <td>16.0</td>\n",
       "      <td>2.0</td>\n",
       "      <td>0.0</td>\n",
       "      <td>1.0</td>\n",
       "      <td>3.0</td>\n",
       "      <td>4.0</td>\n",
       "      <td>1.0</td>\n",
       "      <td>NaN</td>\n",
       "      <td>NaN</td>\n",
       "      <td>2.0</td>\n",
       "      <td>2.0</td>\n",
       "      <td>1.0</td>\n",
       "      <td>False</td>\n",
       "    </tr>\n",
       "    <tr>\n",
       "      <td>230</td>\n",
       "      <td>92.0</td>\n",
       "      <td>NaN</td>\n",
       "      <td>1.0</td>\n",
       "      <td>16.0</td>\n",
       "      <td>1.0</td>\n",
       "      <td>0.0</td>\n",
       "      <td>1.0</td>\n",
       "      <td>1.0</td>\n",
       "      <td>3.0</td>\n",
       "      <td>1.0</td>\n",
       "      <td>1.0</td>\n",
       "      <td>NaN</td>\n",
       "      <td>2.0</td>\n",
       "      <td>2.0</td>\n",
       "      <td>1.0</td>\n",
       "      <td>False</td>\n",
       "    </tr>\n",
       "    <tr>\n",
       "      <td>...</td>\n",
       "      <td>...</td>\n",
       "      <td>...</td>\n",
       "      <td>...</td>\n",
       "      <td>...</td>\n",
       "      <td>...</td>\n",
       "      <td>...</td>\n",
       "      <td>...</td>\n",
       "      <td>...</td>\n",
       "      <td>...</td>\n",
       "      <td>...</td>\n",
       "      <td>...</td>\n",
       "      <td>...</td>\n",
       "      <td>...</td>\n",
       "      <td>...</td>\n",
       "      <td>...</td>\n",
       "      <td>...</td>\n",
       "    </tr>\n",
       "    <tr>\n",
       "      <td>746268</td>\n",
       "      <td>59.0</td>\n",
       "      <td>19.0</td>\n",
       "      <td>1.0</td>\n",
       "      <td>0.0</td>\n",
       "      <td>2.0</td>\n",
       "      <td>0.0</td>\n",
       "      <td>1.0</td>\n",
       "      <td>1.0</td>\n",
       "      <td>4.0</td>\n",
       "      <td>1.0</td>\n",
       "      <td>NaN</td>\n",
       "      <td>2.0</td>\n",
       "      <td>NaN</td>\n",
       "      <td>2.0</td>\n",
       "      <td>2.0</td>\n",
       "      <td>True</td>\n",
       "    </tr>\n",
       "    <tr>\n",
       "      <td>746277</td>\n",
       "      <td>12.0</td>\n",
       "      <td>9.0</td>\n",
       "      <td>5.0</td>\n",
       "      <td>2.0</td>\n",
       "      <td>2.0</td>\n",
       "      <td>2.0</td>\n",
       "      <td>1.0</td>\n",
       "      <td>1.0</td>\n",
       "      <td>0.0</td>\n",
       "      <td>2.0</td>\n",
       "      <td>NaN</td>\n",
       "      <td>NaN</td>\n",
       "      <td>2.0</td>\n",
       "      <td>2.0</td>\n",
       "      <td>2.0</td>\n",
       "      <td>False</td>\n",
       "    </tr>\n",
       "    <tr>\n",
       "      <td>746298</td>\n",
       "      <td>54.0</td>\n",
       "      <td>NaN</td>\n",
       "      <td>1.0</td>\n",
       "      <td>1.0</td>\n",
       "      <td>2.0</td>\n",
       "      <td>0.0</td>\n",
       "      <td>1.0</td>\n",
       "      <td>1.0</td>\n",
       "      <td>4.0</td>\n",
       "      <td>4.0</td>\n",
       "      <td>NaN</td>\n",
       "      <td>2.0</td>\n",
       "      <td>2.0</td>\n",
       "      <td>2.0</td>\n",
       "      <td>1.0</td>\n",
       "      <td>True</td>\n",
       "    </tr>\n",
       "    <tr>\n",
       "      <td>746323</td>\n",
       "      <td>63.0</td>\n",
       "      <td>16.0</td>\n",
       "      <td>1.0</td>\n",
       "      <td>1.0</td>\n",
       "      <td>2.0</td>\n",
       "      <td>0.0</td>\n",
       "      <td>NaN</td>\n",
       "      <td>1.0</td>\n",
       "      <td>4.0</td>\n",
       "      <td>1.0</td>\n",
       "      <td>NaN</td>\n",
       "      <td>2.0</td>\n",
       "      <td>2.0</td>\n",
       "      <td>2.0</td>\n",
       "      <td>2.0</td>\n",
       "      <td>True</td>\n",
       "    </tr>\n",
       "    <tr>\n",
       "      <td>746332</td>\n",
       "      <td>47.0</td>\n",
       "      <td>NaN</td>\n",
       "      <td>1.0</td>\n",
       "      <td>0.0</td>\n",
       "      <td>1.0</td>\n",
       "      <td>0.0</td>\n",
       "      <td>1.0</td>\n",
       "      <td>1.0</td>\n",
       "      <td>4.0</td>\n",
       "      <td>4.0</td>\n",
       "      <td>NaN</td>\n",
       "      <td>1.0</td>\n",
       "      <td>1.0</td>\n",
       "      <td>2.0</td>\n",
       "      <td>1.0</td>\n",
       "      <td>False</td>\n",
       "    </tr>\n",
       "  </tbody>\n",
       "</table>\n",
       "<p>24288 rows × 16 columns</p>\n",
       "</div>"
      ],
      "text/plain": [
       "        AGEP  SCHL  MAR  RELP  DIS  ESP  CIT  MIG  MIL  ANC  NATIVITY  DEAR  \\\n",
       "89      48.0  19.0  3.0  16.0  2.0  0.0  1.0  3.0  4.0  1.0       NaN   2.0   \n",
       "128     64.0  12.0  2.0   NaN  1.0  0.0  1.0  1.0  4.0  1.0       1.0   1.0   \n",
       "135     45.0  12.0  5.0   NaN  2.0  0.0  1.0  1.0  4.0  4.0       NaN   2.0   \n",
       "212     25.0  19.0  5.0  16.0  2.0  0.0  1.0  3.0  4.0  1.0       NaN   NaN   \n",
       "230     92.0   NaN  1.0  16.0  1.0  0.0  1.0  1.0  3.0  1.0       1.0   NaN   \n",
       "...      ...   ...  ...   ...  ...  ...  ...  ...  ...  ...       ...   ...   \n",
       "746268  59.0  19.0  1.0   0.0  2.0  0.0  1.0  1.0  4.0  1.0       NaN   2.0   \n",
       "746277  12.0   9.0  5.0   2.0  2.0  2.0  1.0  1.0  0.0  2.0       NaN   NaN   \n",
       "746298  54.0   NaN  1.0   1.0  2.0  0.0  1.0  1.0  4.0  4.0       NaN   2.0   \n",
       "746323  63.0  16.0  1.0   1.0  2.0  0.0  NaN  1.0  4.0  1.0       NaN   2.0   \n",
       "746332  47.0   NaN  1.0   0.0  1.0  0.0  1.0  1.0  4.0  4.0       NaN   1.0   \n",
       "\n",
       "        DEYE  DREM  SEX    ESR  \n",
       "89       NaN   2.0  2.0  False  \n",
       "128      NaN   2.0  1.0  False  \n",
       "135      2.0   2.0  1.0  False  \n",
       "212      2.0   2.0  1.0  False  \n",
       "230      2.0   2.0  1.0  False  \n",
       "...      ...   ...  ...    ...  \n",
       "746268   NaN   2.0  2.0   True  \n",
       "746277   2.0   2.0  2.0  False  \n",
       "746298   2.0   2.0  1.0   True  \n",
       "746323   2.0   2.0  2.0   True  \n",
       "746332   1.0   2.0  1.0  False  \n",
       "\n",
       "[24288 rows x 16 columns]"
      ]
     },
     "execution_count": 158,
     "metadata": {},
     "output_type": "execute_result"
    }
   ],
   "source": [
    "data[data.isnull().sum(axis=1)>1]"
   ]
  },
  {
   "cell_type": "markdown",
   "id": "54a1cbed1eb8ab94",
   "metadata": {},
   "source": [
    "Replace Boolean target variable with O and 1\n"
   ]
  },
  {
   "cell_type": "code",
   "execution_count": 159,
   "id": "d1c58966affbb5fc",
   "metadata": {
    "ExecuteTime": {
     "end_time": "2024-05-14T15:05:08.781597Z",
     "start_time": "2024-05-14T15:05:08.524463Z"
    }
   },
   "outputs": [
    {
     "data": {
      "text/html": [
       "<div>\n",
       "<style scoped>\n",
       "    .dataframe tbody tr th:only-of-type {\n",
       "        vertical-align: middle;\n",
       "    }\n",
       "\n",
       "    .dataframe tbody tr th {\n",
       "        vertical-align: top;\n",
       "    }\n",
       "\n",
       "    .dataframe thead th {\n",
       "        text-align: right;\n",
       "    }\n",
       "</style>\n",
       "<table border=\"1\" class=\"dataframe\">\n",
       "  <thead>\n",
       "    <tr style=\"text-align: right;\">\n",
       "      <th></th>\n",
       "      <th>AGEP</th>\n",
       "      <th>SCHL</th>\n",
       "      <th>MAR</th>\n",
       "      <th>RELP</th>\n",
       "      <th>DIS</th>\n",
       "      <th>ESP</th>\n",
       "      <th>CIT</th>\n",
       "      <th>MIG</th>\n",
       "      <th>MIL</th>\n",
       "      <th>ANC</th>\n",
       "      <th>NATIVITY</th>\n",
       "      <th>DEAR</th>\n",
       "      <th>DEYE</th>\n",
       "      <th>DREM</th>\n",
       "      <th>SEX</th>\n",
       "      <th>ESR</th>\n",
       "    </tr>\n",
       "  </thead>\n",
       "  <tbody>\n",
       "    <tr>\n",
       "      <td>0</td>\n",
       "      <td>21.0</td>\n",
       "      <td>16.0</td>\n",
       "      <td>5.0</td>\n",
       "      <td>17.0</td>\n",
       "      <td>2.0</td>\n",
       "      <td>1.0</td>\n",
       "      <td>0.0</td>\n",
       "      <td>0.0</td>\n",
       "      <td>4.0</td>\n",
       "      <td>0.0</td>\n",
       "      <td>0.0</td>\n",
       "      <td>2.0</td>\n",
       "      <td>2.0</td>\n",
       "      <td>2.0</td>\n",
       "      <td>2.0</td>\n",
       "      <td>0</td>\n",
       "    </tr>\n",
       "    <tr>\n",
       "      <td>1</td>\n",
       "      <td>19.0</td>\n",
       "      <td>16.0</td>\n",
       "      <td>5.0</td>\n",
       "      <td>17.0</td>\n",
       "      <td>2.0</td>\n",
       "      <td>1.0</td>\n",
       "      <td>0.0</td>\n",
       "      <td>0.0</td>\n",
       "      <td>4.0</td>\n",
       "      <td>0.0</td>\n",
       "      <td>0.0</td>\n",
       "      <td>2.0</td>\n",
       "      <td>2.0</td>\n",
       "      <td>2.0</td>\n",
       "      <td>2.0</td>\n",
       "      <td>1</td>\n",
       "    </tr>\n",
       "    <tr>\n",
       "      <td>2</td>\n",
       "      <td>24.0</td>\n",
       "      <td>12.0</td>\n",
       "      <td>5.0</td>\n",
       "      <td>16.0</td>\n",
       "      <td>0.0</td>\n",
       "      <td>1.0</td>\n",
       "      <td>0.0</td>\n",
       "      <td>0.0</td>\n",
       "      <td>4.0</td>\n",
       "      <td>0.0</td>\n",
       "      <td>0.0</td>\n",
       "      <td>2.0</td>\n",
       "      <td>2.0</td>\n",
       "      <td>0.0</td>\n",
       "      <td>0.0</td>\n",
       "      <td>1</td>\n",
       "    </tr>\n",
       "    <tr>\n",
       "      <td>3</td>\n",
       "      <td>20.0</td>\n",
       "      <td>16.0</td>\n",
       "      <td>5.0</td>\n",
       "      <td>17.0</td>\n",
       "      <td>2.0</td>\n",
       "      <td>1.0</td>\n",
       "      <td>0.0</td>\n",
       "      <td>0.0</td>\n",
       "      <td>3.0</td>\n",
       "      <td>0.0</td>\n",
       "      <td>0.0</td>\n",
       "      <td>2.0</td>\n",
       "      <td>NaN</td>\n",
       "      <td>2.0</td>\n",
       "      <td>2.0</td>\n",
       "      <td>0</td>\n",
       "    </tr>\n",
       "    <tr>\n",
       "      <td>4</td>\n",
       "      <td>31.0</td>\n",
       "      <td>17.0</td>\n",
       "      <td>5.0</td>\n",
       "      <td>17.0</td>\n",
       "      <td>2.0</td>\n",
       "      <td>1.0</td>\n",
       "      <td>0.0</td>\n",
       "      <td>3.0</td>\n",
       "      <td>4.0</td>\n",
       "      <td>4.0</td>\n",
       "      <td>0.0</td>\n",
       "      <td>2.0</td>\n",
       "      <td>2.0</td>\n",
       "      <td>2.0</td>\n",
       "      <td>0.0</td>\n",
       "      <td>0</td>\n",
       "    </tr>\n",
       "  </tbody>\n",
       "</table>\n",
       "</div>"
      ],
      "text/plain": [
       "   AGEP  SCHL  MAR  RELP  DIS  ESP  CIT  MIG  MIL  ANC  NATIVITY  DEAR  DEYE  \\\n",
       "0  21.0  16.0  5.0  17.0  2.0  1.0  0.0  0.0  4.0  0.0       0.0   2.0   2.0   \n",
       "1  19.0  16.0  5.0  17.0  2.0  1.0  0.0  0.0  4.0  0.0       0.0   2.0   2.0   \n",
       "2  24.0  12.0  5.0  16.0  0.0  1.0  0.0  0.0  4.0  0.0       0.0   2.0   2.0   \n",
       "3  20.0  16.0  5.0  17.0  2.0  1.0  0.0  0.0  3.0  0.0       0.0   2.0   NaN   \n",
       "4  31.0  17.0  5.0  17.0  2.0  1.0  0.0  3.0  4.0  4.0       0.0   2.0   2.0   \n",
       "\n",
       "   DREM  SEX  ESR  \n",
       "0   2.0  2.0    0  \n",
       "1   2.0  2.0    1  \n",
       "2   0.0  0.0    1  \n",
       "3   2.0  2.0    0  \n",
       "4   2.0  0.0    0  "
      ]
     },
     "execution_count": 159,
     "metadata": {},
     "output_type": "execute_result"
    }
   ],
   "source": [
    "data=data.replace({False:1, True:0})\n",
    "#data = data.infer_objects(copy=False)\n",
    "data.head()"
   ]
  },
  {
   "cell_type": "markdown",
   "id": "db8622fc307ab9bf",
   "metadata": {},
   "source": [
    "First data check"
   ]
  },
  {
   "cell_type": "code",
   "execution_count": 160,
   "id": "95c136a26fe0e094",
   "metadata": {
    "ExecuteTime": {
     "end_time": "2024-05-14T15:05:08.853245Z",
     "start_time": "2024-05-14T15:05:08.782604Z"
    }
   },
   "outputs": [
    {
     "name": "stdout",
     "output_type": "stream",
     "text": [
      "<class 'pandas.core.frame.DataFrame'>\n",
      "RangeIndex: 746336 entries, 0 to 746335\n",
      "Data columns (total 16 columns):\n",
      "AGEP        746336 non-null float64\n",
      "SCHL        709133 non-null float64\n",
      "MAR         746336 non-null float64\n",
      "RELP        709213 non-null float64\n",
      "DIS         746336 non-null float64\n",
      "ESP         746336 non-null float64\n",
      "CIT         709287 non-null float64\n",
      "MIG         746336 non-null float64\n",
      "MIL         746336 non-null float64\n",
      "ANC         746336 non-null float64\n",
      "NATIVITY    708813 non-null float64\n",
      "DEAR        708974 non-null float64\n",
      "DEYE        709267 non-null float64\n",
      "DREM        746336 non-null float64\n",
      "SEX         746336 non-null float64\n",
      "ESR         746336 non-null int64\n",
      "dtypes: float64(15), int64(1)\n",
      "memory usage: 91.1 MB\n"
     ]
    },
    {
     "data": {
      "text/plain": [
       "AGEP            0\n",
       "SCHL        37203\n",
       "MAR             0\n",
       "RELP        37123\n",
       "DIS             0\n",
       "ESP             0\n",
       "CIT         37049\n",
       "MIG             0\n",
       "MIL             0\n",
       "ANC             0\n",
       "NATIVITY    37523\n",
       "DEAR        37362\n",
       "DEYE        37069\n",
       "DREM            0\n",
       "SEX             0\n",
       "ESR             0\n",
       "dtype: int64"
      ]
     },
     "execution_count": 160,
     "metadata": {},
     "output_type": "execute_result"
    }
   ],
   "source": [
    "data.info()\n",
    "data.isnull().sum()"
   ]
  },
  {
   "cell_type": "code",
   "execution_count": 161,
   "id": "3f3d340b",
   "metadata": {},
   "outputs": [
    {
     "data": {
      "text/html": [
       "<div>\n",
       "<style scoped>\n",
       "    .dataframe tbody tr th:only-of-type {\n",
       "        vertical-align: middle;\n",
       "    }\n",
       "\n",
       "    .dataframe tbody tr th {\n",
       "        vertical-align: top;\n",
       "    }\n",
       "\n",
       "    .dataframe thead th {\n",
       "        text-align: right;\n",
       "    }\n",
       "</style>\n",
       "<table border=\"1\" class=\"dataframe\">\n",
       "  <thead>\n",
       "    <tr style=\"text-align: right;\">\n",
       "      <th></th>\n",
       "      <th>AGEP</th>\n",
       "      <th>SCHL</th>\n",
       "      <th>MAR</th>\n",
       "      <th>RELP</th>\n",
       "      <th>DIS</th>\n",
       "      <th>ESP</th>\n",
       "      <th>CIT</th>\n",
       "      <th>MIG</th>\n",
       "      <th>MIL</th>\n",
       "      <th>ANC</th>\n",
       "      <th>NATIVITY</th>\n",
       "      <th>DEAR</th>\n",
       "      <th>DEYE</th>\n",
       "      <th>DREM</th>\n",
       "      <th>SEX</th>\n",
       "      <th>ESR</th>\n",
       "    </tr>\n",
       "  </thead>\n",
       "  <tbody>\n",
       "    <tr>\n",
       "      <td>AGEP</td>\n",
       "      <td>1.000000</td>\n",
       "      <td>0.519828</td>\n",
       "      <td>-0.618938</td>\n",
       "      <td>-0.138617</td>\n",
       "      <td>-0.319927</td>\n",
       "      <td>-0.307659</td>\n",
       "      <td>0.140825</td>\n",
       "      <td>-0.136756</td>\n",
       "      <td>0.573312</td>\n",
       "      <td>-0.074983</td>\n",
       "      <td>0.159864</td>\n",
       "      <td>-0.240258</td>\n",
       "      <td>-0.127745</td>\n",
       "      <td>0.067845</td>\n",
       "      <td>0.045588</td>\n",
       "      <td>-0.108239</td>\n",
       "    </tr>\n",
       "    <tr>\n",
       "      <td>SCHL</td>\n",
       "      <td>0.519828</td>\n",
       "      <td>1.000000</td>\n",
       "      <td>-0.425191</td>\n",
       "      <td>-0.087216</td>\n",
       "      <td>-0.032215</td>\n",
       "      <td>-0.330339</td>\n",
       "      <td>0.012075</td>\n",
       "      <td>-0.003877</td>\n",
       "      <td>0.670909</td>\n",
       "      <td>-0.041250</td>\n",
       "      <td>0.022342</td>\n",
       "      <td>-0.035718</td>\n",
       "      <td>-0.001786</td>\n",
       "      <td>0.263862</td>\n",
       "      <td>0.020407</td>\n",
       "      <td>-0.430964</td>\n",
       "    </tr>\n",
       "    <tr>\n",
       "      <td>MAR</td>\n",
       "      <td>-0.618938</td>\n",
       "      <td>-0.425191</td>\n",
       "      <td>1.000000</td>\n",
       "      <td>0.352516</td>\n",
       "      <td>0.064485</td>\n",
       "      <td>0.237918</td>\n",
       "      <td>-0.200718</td>\n",
       "      <td>0.116903</td>\n",
       "      <td>-0.445436</td>\n",
       "      <td>0.068087</td>\n",
       "      <td>-0.212953</td>\n",
       "      <td>0.087642</td>\n",
       "      <td>0.024780</td>\n",
       "      <td>-0.147347</td>\n",
       "      <td>-0.026625</td>\n",
       "      <td>0.241680</td>\n",
       "    </tr>\n",
       "    <tr>\n",
       "      <td>RELP</td>\n",
       "      <td>-0.138617</td>\n",
       "      <td>-0.087216</td>\n",
       "      <td>0.352516</td>\n",
       "      <td>1.000000</td>\n",
       "      <td>-0.102497</td>\n",
       "      <td>0.033321</td>\n",
       "      <td>-0.015706</td>\n",
       "      <td>0.216493</td>\n",
       "      <td>-0.011845</td>\n",
       "      <td>0.034541</td>\n",
       "      <td>-0.024295</td>\n",
       "      <td>-0.013228</td>\n",
       "      <td>-0.048438</td>\n",
       "      <td>-0.152691</td>\n",
       "      <td>-0.056449</td>\n",
       "      <td>0.127330</td>\n",
       "    </tr>\n",
       "    <tr>\n",
       "      <td>DIS</td>\n",
       "      <td>-0.319927</td>\n",
       "      <td>-0.032215</td>\n",
       "      <td>0.064485</td>\n",
       "      <td>-0.102497</td>\n",
       "      <td>1.000000</td>\n",
       "      <td>0.051191</td>\n",
       "      <td>0.036782</td>\n",
       "      <td>0.008677</td>\n",
       "      <td>-0.089186</td>\n",
       "      <td>-0.004914</td>\n",
       "      <td>0.031085</td>\n",
       "      <td>0.512855</td>\n",
       "      <td>0.405873</td>\n",
       "      <td>0.502685</td>\n",
       "      <td>-0.004698</td>\n",
       "      <td>-0.209605</td>\n",
       "    </tr>\n",
       "    <tr>\n",
       "      <td>ESP</td>\n",
       "      <td>-0.307659</td>\n",
       "      <td>-0.330339</td>\n",
       "      <td>0.237918</td>\n",
       "      <td>0.033321</td>\n",
       "      <td>0.051191</td>\n",
       "      <td>1.000000</td>\n",
       "      <td>-0.086380</td>\n",
       "      <td>0.025520</td>\n",
       "      <td>-0.385567</td>\n",
       "      <td>0.008812</td>\n",
       "      <td>-0.090483</td>\n",
       "      <td>0.037732</td>\n",
       "      <td>0.020746</td>\n",
       "      <td>-0.086719</td>\n",
       "      <td>-0.008824</td>\n",
       "      <td>0.201083</td>\n",
       "    </tr>\n",
       "    <tr>\n",
       "      <td>CIT</td>\n",
       "      <td>0.140825</td>\n",
       "      <td>0.012075</td>\n",
       "      <td>-0.200718</td>\n",
       "      <td>-0.015706</td>\n",
       "      <td>0.036782</td>\n",
       "      <td>-0.086380</td>\n",
       "      <td>1.000000</td>\n",
       "      <td>-0.018380</td>\n",
       "      <td>0.214332</td>\n",
       "      <td>-0.186484</td>\n",
       "      <td>0.974995</td>\n",
       "      <td>0.024546</td>\n",
       "      <td>-0.000775</td>\n",
       "      <td>0.078797</td>\n",
       "      <td>0.012378</td>\n",
       "      <td>-0.109305</td>\n",
       "    </tr>\n",
       "    <tr>\n",
       "      <td>MIG</td>\n",
       "      <td>-0.136756</td>\n",
       "      <td>-0.003877</td>\n",
       "      <td>0.116903</td>\n",
       "      <td>0.216493</td>\n",
       "      <td>0.008677</td>\n",
       "      <td>0.025520</td>\n",
       "      <td>-0.018380</td>\n",
       "      <td>1.000000</td>\n",
       "      <td>-0.004596</td>\n",
       "      <td>0.037641</td>\n",
       "      <td>-0.025797</td>\n",
       "      <td>0.021254</td>\n",
       "      <td>-0.000214</td>\n",
       "      <td>-0.044172</td>\n",
       "      <td>-0.012748</td>\n",
       "      <td>0.001839</td>\n",
       "    </tr>\n",
       "    <tr>\n",
       "      <td>MIL</td>\n",
       "      <td>0.573312</td>\n",
       "      <td>0.670909</td>\n",
       "      <td>-0.445436</td>\n",
       "      <td>-0.011845</td>\n",
       "      <td>-0.089186</td>\n",
       "      <td>-0.385567</td>\n",
       "      <td>0.214332</td>\n",
       "      <td>-0.004596</td>\n",
       "      <td>1.000000</td>\n",
       "      <td>-0.073998</td>\n",
       "      <td>0.220854</td>\n",
       "      <td>-0.025494</td>\n",
       "      <td>-0.043128</td>\n",
       "      <td>0.162740</td>\n",
       "      <td>0.104421</td>\n",
       "      <td>-0.449375</td>\n",
       "    </tr>\n",
       "    <tr>\n",
       "      <td>ANC</td>\n",
       "      <td>-0.074983</td>\n",
       "      <td>-0.041250</td>\n",
       "      <td>0.068087</td>\n",
       "      <td>0.034541</td>\n",
       "      <td>-0.004914</td>\n",
       "      <td>0.008812</td>\n",
       "      <td>-0.186484</td>\n",
       "      <td>0.037641</td>\n",
       "      <td>-0.073998</td>\n",
       "      <td>1.000000</td>\n",
       "      <td>-0.193216</td>\n",
       "      <td>-0.000484</td>\n",
       "      <td>0.003356</td>\n",
       "      <td>-0.037335</td>\n",
       "      <td>0.005504</td>\n",
       "      <td>0.019626</td>\n",
       "    </tr>\n",
       "    <tr>\n",
       "      <td>NATIVITY</td>\n",
       "      <td>0.159864</td>\n",
       "      <td>0.022342</td>\n",
       "      <td>-0.212953</td>\n",
       "      <td>-0.024295</td>\n",
       "      <td>0.031085</td>\n",
       "      <td>-0.090483</td>\n",
       "      <td>0.974995</td>\n",
       "      <td>-0.025797</td>\n",
       "      <td>0.220854</td>\n",
       "      <td>-0.193216</td>\n",
       "      <td>1.000000</td>\n",
       "      <td>0.020730</td>\n",
       "      <td>-0.001856</td>\n",
       "      <td>0.077098</td>\n",
       "      <td>0.015864</td>\n",
       "      <td>-0.110149</td>\n",
       "    </tr>\n",
       "    <tr>\n",
       "      <td>DEAR</td>\n",
       "      <td>-0.240258</td>\n",
       "      <td>-0.035718</td>\n",
       "      <td>0.087642</td>\n",
       "      <td>-0.013228</td>\n",
       "      <td>0.512855</td>\n",
       "      <td>0.037732</td>\n",
       "      <td>0.024546</td>\n",
       "      <td>0.021254</td>\n",
       "      <td>-0.025494</td>\n",
       "      <td>-0.000484</td>\n",
       "      <td>0.020730</td>\n",
       "      <td>1.000000</td>\n",
       "      <td>0.231059</td>\n",
       "      <td>0.155883</td>\n",
       "      <td>0.034801</td>\n",
       "      <td>-0.098217</td>\n",
       "    </tr>\n",
       "    <tr>\n",
       "      <td>DEYE</td>\n",
       "      <td>-0.127745</td>\n",
       "      <td>-0.001786</td>\n",
       "      <td>0.024780</td>\n",
       "      <td>-0.048438</td>\n",
       "      <td>0.405873</td>\n",
       "      <td>0.020746</td>\n",
       "      <td>-0.000775</td>\n",
       "      <td>-0.000214</td>\n",
       "      <td>-0.043128</td>\n",
       "      <td>0.003356</td>\n",
       "      <td>-0.001856</td>\n",
       "      <td>0.231059</td>\n",
       "      <td>1.000000</td>\n",
       "      <td>0.177120</td>\n",
       "      <td>-0.009537</td>\n",
       "      <td>-0.072056</td>\n",
       "    </tr>\n",
       "    <tr>\n",
       "      <td>DREM</td>\n",
       "      <td>0.067845</td>\n",
       "      <td>0.263862</td>\n",
       "      <td>-0.147347</td>\n",
       "      <td>-0.152691</td>\n",
       "      <td>0.502685</td>\n",
       "      <td>-0.086719</td>\n",
       "      <td>0.078797</td>\n",
       "      <td>-0.044172</td>\n",
       "      <td>0.162740</td>\n",
       "      <td>-0.037335</td>\n",
       "      <td>0.077098</td>\n",
       "      <td>0.155883</td>\n",
       "      <td>0.177120</td>\n",
       "      <td>1.000000</td>\n",
       "      <td>0.008893</td>\n",
       "      <td>-0.237647</td>\n",
       "    </tr>\n",
       "    <tr>\n",
       "      <td>SEX</td>\n",
       "      <td>0.045588</td>\n",
       "      <td>0.020407</td>\n",
       "      <td>-0.026625</td>\n",
       "      <td>-0.056449</td>\n",
       "      <td>-0.004698</td>\n",
       "      <td>-0.008824</td>\n",
       "      <td>0.012378</td>\n",
       "      <td>-0.012748</td>\n",
       "      <td>0.104421</td>\n",
       "      <td>0.005504</td>\n",
       "      <td>0.015864</td>\n",
       "      <td>0.034801</td>\n",
       "      <td>-0.009537</td>\n",
       "      <td>0.008893</td>\n",
       "      <td>1.000000</td>\n",
       "      <td>0.070236</td>\n",
       "    </tr>\n",
       "    <tr>\n",
       "      <td>ESR</td>\n",
       "      <td>-0.108239</td>\n",
       "      <td>-0.430964</td>\n",
       "      <td>0.241680</td>\n",
       "      <td>0.127330</td>\n",
       "      <td>-0.209605</td>\n",
       "      <td>0.201083</td>\n",
       "      <td>-0.109305</td>\n",
       "      <td>0.001839</td>\n",
       "      <td>-0.449375</td>\n",
       "      <td>0.019626</td>\n",
       "      <td>-0.110149</td>\n",
       "      <td>-0.098217</td>\n",
       "      <td>-0.072056</td>\n",
       "      <td>-0.237647</td>\n",
       "      <td>0.070236</td>\n",
       "      <td>1.000000</td>\n",
       "    </tr>\n",
       "  </tbody>\n",
       "</table>\n",
       "</div>"
      ],
      "text/plain": [
       "              AGEP      SCHL       MAR      RELP       DIS       ESP  \\\n",
       "AGEP      1.000000  0.519828 -0.618938 -0.138617 -0.319927 -0.307659   \n",
       "SCHL      0.519828  1.000000 -0.425191 -0.087216 -0.032215 -0.330339   \n",
       "MAR      -0.618938 -0.425191  1.000000  0.352516  0.064485  0.237918   \n",
       "RELP     -0.138617 -0.087216  0.352516  1.000000 -0.102497  0.033321   \n",
       "DIS      -0.319927 -0.032215  0.064485 -0.102497  1.000000  0.051191   \n",
       "ESP      -0.307659 -0.330339  0.237918  0.033321  0.051191  1.000000   \n",
       "CIT       0.140825  0.012075 -0.200718 -0.015706  0.036782 -0.086380   \n",
       "MIG      -0.136756 -0.003877  0.116903  0.216493  0.008677  0.025520   \n",
       "MIL       0.573312  0.670909 -0.445436 -0.011845 -0.089186 -0.385567   \n",
       "ANC      -0.074983 -0.041250  0.068087  0.034541 -0.004914  0.008812   \n",
       "NATIVITY  0.159864  0.022342 -0.212953 -0.024295  0.031085 -0.090483   \n",
       "DEAR     -0.240258 -0.035718  0.087642 -0.013228  0.512855  0.037732   \n",
       "DEYE     -0.127745 -0.001786  0.024780 -0.048438  0.405873  0.020746   \n",
       "DREM      0.067845  0.263862 -0.147347 -0.152691  0.502685 -0.086719   \n",
       "SEX       0.045588  0.020407 -0.026625 -0.056449 -0.004698 -0.008824   \n",
       "ESR      -0.108239 -0.430964  0.241680  0.127330 -0.209605  0.201083   \n",
       "\n",
       "               CIT       MIG       MIL       ANC  NATIVITY      DEAR  \\\n",
       "AGEP      0.140825 -0.136756  0.573312 -0.074983  0.159864 -0.240258   \n",
       "SCHL      0.012075 -0.003877  0.670909 -0.041250  0.022342 -0.035718   \n",
       "MAR      -0.200718  0.116903 -0.445436  0.068087 -0.212953  0.087642   \n",
       "RELP     -0.015706  0.216493 -0.011845  0.034541 -0.024295 -0.013228   \n",
       "DIS       0.036782  0.008677 -0.089186 -0.004914  0.031085  0.512855   \n",
       "ESP      -0.086380  0.025520 -0.385567  0.008812 -0.090483  0.037732   \n",
       "CIT       1.000000 -0.018380  0.214332 -0.186484  0.974995  0.024546   \n",
       "MIG      -0.018380  1.000000 -0.004596  0.037641 -0.025797  0.021254   \n",
       "MIL       0.214332 -0.004596  1.000000 -0.073998  0.220854 -0.025494   \n",
       "ANC      -0.186484  0.037641 -0.073998  1.000000 -0.193216 -0.000484   \n",
       "NATIVITY  0.974995 -0.025797  0.220854 -0.193216  1.000000  0.020730   \n",
       "DEAR      0.024546  0.021254 -0.025494 -0.000484  0.020730  1.000000   \n",
       "DEYE     -0.000775 -0.000214 -0.043128  0.003356 -0.001856  0.231059   \n",
       "DREM      0.078797 -0.044172  0.162740 -0.037335  0.077098  0.155883   \n",
       "SEX       0.012378 -0.012748  0.104421  0.005504  0.015864  0.034801   \n",
       "ESR      -0.109305  0.001839 -0.449375  0.019626 -0.110149 -0.098217   \n",
       "\n",
       "              DEYE      DREM       SEX       ESR  \n",
       "AGEP     -0.127745  0.067845  0.045588 -0.108239  \n",
       "SCHL     -0.001786  0.263862  0.020407 -0.430964  \n",
       "MAR       0.024780 -0.147347 -0.026625  0.241680  \n",
       "RELP     -0.048438 -0.152691 -0.056449  0.127330  \n",
       "DIS       0.405873  0.502685 -0.004698 -0.209605  \n",
       "ESP       0.020746 -0.086719 -0.008824  0.201083  \n",
       "CIT      -0.000775  0.078797  0.012378 -0.109305  \n",
       "MIG      -0.000214 -0.044172 -0.012748  0.001839  \n",
       "MIL      -0.043128  0.162740  0.104421 -0.449375  \n",
       "ANC       0.003356 -0.037335  0.005504  0.019626  \n",
       "NATIVITY -0.001856  0.077098  0.015864 -0.110149  \n",
       "DEAR      0.231059  0.155883  0.034801 -0.098217  \n",
       "DEYE      1.000000  0.177120 -0.009537 -0.072056  \n",
       "DREM      0.177120  1.000000  0.008893 -0.237647  \n",
       "SEX      -0.009537  0.008893  1.000000  0.070236  \n",
       "ESR      -0.072056 -0.237647  0.070236  1.000000  "
      ]
     },
     "execution_count": 161,
     "metadata": {},
     "output_type": "execute_result"
    }
   ],
   "source": [
    "data.corr()"
   ]
  },
